# unix_time, cycles_done, cur_path, paths_total, pending_total, pending_favs, map_size, unique_crashes, unique_hangs, max_depth, execs_per_sec
1614278407, 0, 0, 6, 6, 4, 0.06%, 0, 0, 1, 1263.16
1614278412, 0, 2, 20, 20, 4, 0.14%, 0, 0, 2, 2988.51
1614278417, 0, 3, 36, 35, 12, 0.16%, 0, 0, 2, 3231.93
1614278422, 0, 3, 57, 56, 12, 0.21%, 0, 0, 2, 3012.83
1614278427, 0, 3, 62, 61, 12, 0.21%, 0, 0, 2, 3336.73
1614278432, 0, 4, 62, 60, 27, 0.21%, 0, 0, 2, 3488.37
1614278437, 0, 12, 62, 58, 25, 0.21%, 0, 0, 2, 3555.75
1614278442, 0, 23, 62, 56, 23, 0.21%, 0, 0, 2, 3423.10
1614278447, 0, 24, 62, 55, 22, 0.21%, 0, 0, 2, 3497.32
1614278452, 0, 25, 64, 56, 22, 0.21%, 0, 0, 3, 3574.34
1614278457, 0, 28, 64, 55, 21, 0.21%, 0, 0, 3, 3582.00
1614278462, 0, 33, 65, 55, 20, 0.21%, 0, 0, 3, 3432.35
1614278467, 0, 36, 67, 56, 19, 0.21%, 0, 0, 3, 652.51
1614278488, 0, 37, 67, 55, 19, 0.21%, 0, 0, 3, 2084.04
1614278493, 0, 38, 67, 54, 18, 0.21%, 0, 0, 3, 3334.95
1614278498, 0, 39, 67, 53, 17, 0.21%, 0, 0, 3, 3482.31
1614278503, 0, 41, 68, 53, 16, 0.21%, 0, 0, 3, 3402.21
1614278508, 0, 42, 68, 52, 15, 0.21%, 0, 0, 3, 3402.22
1614278514, 0, 44, 68, 51, 14, 0.21%, 0, 0, 3, 3398.04
1614278524, 0, 45, 68, 50, 13, 0.21%, 0, 0, 3, 3505.48
1614278529, 0, 47, 68, 48, 11, 0.21%, 0, 0, 3, 3472.14
1614278534, 0, 50, 68, 47, 10, 0.21%, 0, 0, 3, 3527.32
1614278539, 0, 50, 69, 48, 10, 0.21%, 0, 0, 3, 3532.33
1614278544, 0, 51, 69, 47, 9, 0.21%, 0, 0, 3, 3478.03
1614278549, 0, 52, 70, 47, 8, 0.21%, 0, 0, 3, 3521.95
1614278554, 0, 54, 70, 46, 7, 0.21%, 0, 0, 3, 3418.78
1614278559, 0, 56, 71, 45, 7, 0.21%, 0, 0, 3, 3407.95
1614278564, 0, 61, 71, 44, 6, 0.21%, 0, 0, 3, 3455.53
1614278569, 0, 62, 71, 43, 5, 0.21%, 0, 0, 3, 3264.90
1614278575, 0, 63, 72, 43, 4, 0.21%, 0, 0, 4, 3501.31
1614278580, 0, 66, 72, 42, 3, 0.21%, 0, 0, 4, 610.33
1614278585, 0, 66, 73, 43, 3, 0.21%, 1, 0, 4, 682.22
1614278605, 0, 72, 73, 41, 2, 0.21%, 1, 0, 4, 2167.86
1614278610, 0, 72, 74, 42, 2, 0.21%, 1, 0, 5, 1026.45
1614278615, 0, 72, 76, 44, 2, 0.21%, 1, 0, 5, 804.66
1614278630, 1, 48, 76, 43, 1, 0.21%, 1, 0, 5, 2853.80
1614278635, 1, 49, 76, 42, 0, 0.21%, 1, 0, 5, 3341.21
1614278641, 1, 59, 76, 41, 0, 0.21%, 1, 0, 5, 3497.32
1614278646, 1, 73, 77, 41, 0, 0.21%, 1, 0, 6, 641.05
1614278651, 1, 73, 77, 41, 0, 0.21%, 2, 0, 6, 673.16
1614278656, 1, 73, 78, 42, 0, 0.21%, 2, 0, 6, 737.41
1614278666, 1, 73, 78, 42, 0, 0.21%, 3, 0, 6, 848.94
1614278671, 1, 77, 80, 43, 2, 0.21%, 3, 0, 7, 767.21
1614278691, 2, 29, 80, 42, 1, 0.21%, 3, 0, 7, 2745.29
1614278697, 2, 40, 80, 41, 0, 0.21%, 3, 0, 7, 3430.39
1614278702, 2, 57, 80, 40, 0, 0.21%, 3, 0, 7, 3544.78
1614278707, 2, 71, 81, 40, 0, 0.21%, 3, 0, 7, 3566.57
1614278717, 3, 19, 82, 40, 0, 0.21%, 3, 0, 7, 2879.19
1614278722, 3, 20, 82, 39, 0, 0.21%, 3, 0, 7, 3391.49
1614278727, 3, 21, 82, 38, 0, 0.21%, 3, 0, 7, 3410.94
1614278732, 3, 22, 82, 37, 0, 0.21%, 3, 0, 7, 3547.35
1614278737, 3, 33, 82, 35, 0, 0.21%, 3, 0, 7, 3514.93
1614278742, 3, 43, 82, 34, 0, 0.21%, 3, 0, 7, 3439.59
1614278752, 3, 64, 82, 33, 0, 0.21%, 3, 0, 7, 3537.77
1614278758, 3, 67, 82, 32, 0, 0.21%, 3, 0, 7, 3428.18
1614278763, 3, 68, 82, 31, 0, 0.21%, 3, 0, 7, 3473.15
1614278768, 3, 78, 82, 30, 0, 0.21%, 3, 0, 7, 705.19
1614278788, 3, 80, 83, 30, 0, 0.21%, 3, 0, 7, 2605.23
1614278793, 3, 80, 84, 31, 0, 0.21%, 3, 0, 7, 3280.45
1614278798, 4, 16, 84, 29, 0, 0.21%, 3, 0, 7, 3476.28
1614278803, 4, 26, 86, 30, 0, 0.21%, 3, 0, 7, 3543.00
1614278808, 4, 58, 86, 29, 0, 0.21%, 3, 0, 7, 3545.31
1614278813, 4, 60, 86, 28, 0, 0.21%, 3, 0, 7, 3499.39
1614278818, 5, 5, 86, 27, 0, 0.21%, 3, 0, 7, 594.90
1614278849, 5, 17, 86, 25, 0, 0.21%, 3, 0, 7, 1493.02
1614278854, 5, 30, 86, 24, 0, 0.21%, 3, 0, 7, 3079.97
1614278859, 5, 31, 86, 23, 0, 0.21%, 3, 0, 7, 3436.55
1614278864, 5, 34, 86, 22, 0, 0.21%, 3, 0, 7, 3543.03
1614278869, 5, 53, 86, 21, 0, 0.21%, 3, 0, 7, 3578.37
1614278874, 5, 65, 86, 20, 0, 0.21%, 4, 0, 7, 620.54
1614278900, 5, 75, 87, 20, 0, 0.21%, 4, 0, 7, 827.14
1614278920, 5, 79, 87, 19, 0, 0.21%, 4, 0, 7, 874.98
1614278940, 5, 82, 87, 18, 0, 0.21%, 4, 0, 7, 1629.18
1614278950, 5, 84, 87, 17, 0, 0.21%, 4, 0, 7, 3458.68
1614278955, 5, 84, 89, 19, 0, 0.21%, 4, 0, 7, 3555.58
1614278960, 6, 14, 90, 19, 0, 0.21%, 4, 0, 7, 3591.40
1614278966, 6, 18, 90, 18, 0, 0.21%, 4, 0, 7, 3592.76
1614278971, 6, 76, 90, 17, 0, 0.21%, 4, 0, 7, 662.83
1614278991, 6, 88, 90, 16, 0, 0.21%, 4, 0, 7, 1960.32
1614279001, 6, 88, 91, 17, 0, 0.21%, 6, 0, 7, 3489.02
1614279006, 6, 89, 91, 16, 0, 0.21%, 7, 0, 7, 3491.08
1614279011, 6, 89, 99, 24, 0, 0.21%, 7, 0, 7, 3517.25
1614279016, 6, 89, 100, 25, 0, 0.21%, 7, 0, 7, 3524.60
1614279021, 6, 97, 101, 25, 0, 0.21%, 7, 0, 7, 3051.07
1614279057, 6, 99, 101, 24, 0, 0.21%, 7, 0, 7, 3517.26
1614279067, 6, 99, 106, 29, 0, 0.21%, 8, 1, 7, 3617.14
1614279072, 6, 102, 108, 30, 0, 0.21%, 9, 1, 7, 3074.81
1614279082, 6, 102, 108, 30, 0, 0.21%, 10, 1, 7, 3298.33
1614279087, 6, 102, 117, 39, 0, 0.21%, 12, 1, 7, 3408.44
1614279093, 6, 102, 120, 42, 0, 0.21%, 13, 1, 7, 3456.63
1614279098, 6, 107, 120, 41, 0, 0.21%, 13, 1, 7, 3405.51
1614279113, 6, 107, 126, 47, 0, 0.21%, 13, 1, 7, 3311.56
1614279123, 6, 110, 126, 46, 0, 0.21%, 13, 1, 7, 3365.54
1614279183, 6, 110, 128, 48, 0, 0.21%, 16, 1, 8, 3246.88
1614279188, 6, 110, 129, 49, 0, 0.21%, 19, 1, 8, 3225.05
1614279194, 6, 114, 129, 48, 0, 0.21%, 20, 1, 8, 3030.36
1614279377, 6, 120, 129, 47, 0, 0.21%, 20, 1, 8, 3057.24
1614279387, 6, 128, 130, 47, 0, 0.21%, 20, 1, 9, 3333.79
1614279418, 6, 128, 130, 47, 0, 0.21%, 21, 1, 9, 3290.34
1614279535, 6, 128, 131, 48, 0, 0.21%, 22, 1, 9, 3171.83
1614279546, 6, 130, 131, 47, 0, 0.21%, 22, 1, 9, 3219.39
1614279657, 7, 0, 131, 46, 0, 0.21%, 22, 1, 9, 3344.42
1614279662, 7, 1, 131, 45, 0, 0.21%, 22, 1, 9, 3726.73
1614279667, 7, 76, 131, 44, 0, 0.21%, 22, 1, 9, 3763.94
1614279672, 7, 90, 131, 44, 0, 0.21%, 22, 1, 9, 3528.05
1614279677, 7, 92, 131, 43, 0, 0.21%, 22, 1, 9, 3472.81
1614279688, 7, 94, 131, 42, 0, 0.21%, 22, 1, 9, 3632.66
1614279698, 7, 95, 131, 41, 0, 0.21%, 22, 1, 9, 3439.86
1614279774, 7, 105, 131, 40, 0, 0.21%, 22, 1, 9, 3608.98
1614279785, 7, 115, 131, 39, 0, 0.21%, 22, 1, 9, 3505.08
1614279826, 7, 115, 132, 40, 0, 0.21%, 22, 1, 9, 3449.10
1614279831, 7, 117, 132, 39, 0, 0.21%, 23, 1, 9, 3503.61
1614279862, 7, 119, 132, 38, 0, 0.21%, 23, 1, 9, 3465.40
1614279959, 7, 125, 132, 37, 0, 0.21%, 23, 1, 9, 3415.19
1614279995, 7, 125, 133, 38, 0, 0.21%, 23, 1, 9, 3442.01
1614280001, 7, 127, 133, 37, 0, 0.21%, 23, 1, 9, 3431.86
1614280098, 7, 129, 133, 36, 0, 0.21%, 23, 1, 9, 3259.10
1614280185, 7, 129, 133, 36, 0, 0.21%, 24, 1, 9, 3302.24
1614280191, 8, 8, 133, 35, 0, 0.21%, 24, 1, 9, 3466.17
1614280196, 8, 69, 133, 34, 0, 0.21%, 24, 1, 9, 3672.49
1614280201, 8, 74, 133, 33, 0, 0.21%, 24, 1, 9, 730.62
1614280221, 8, 85, 133, 32, 0, 0.21%, 24, 1, 9, 2596.90
1614280226, 8, 87, 133, 31, 0, 0.21%, 24, 1, 9, 3475.95
1614280236, 8, 98, 133, 30, 0, 0.21%, 24, 1, 9, 3637.72
1614280247, 8, 101, 133, 29, 0, 0.21%, 24, 1, 9, 3563.41
1614280277, 8, 118, 133, 28, 0, 0.21%, 24, 1, 9, 3407.13
1614280349, 8, 122, 133, 27, 0, 0.21%, 24, 1, 9, 3329.46
1614280395, 8, 124, 133, 26, 0, 0.21%, 24, 1, 9, 3231.97
1614280538, 8, 126, 133, 25, 0, 0.21%, 24, 1, 9, 3178.16
1614281161, 9, 32, 134, 25, 0, 0.21%, 24, 1, 9, 3322.81
1614281166, 9, 48, 134, 24, 0, 0.21%, 24, 1, 9, 3508.95
1614281171, 9, 83, 134, 24, 0, 0.21%, 24, 1, 9, 3390.66
1614281181, 9, 86, 134, 23, 0, 0.21%, 25, 1, 9, 3442.29
1614281187, 9, 93, 134, 22, 0, 0.21%, 25, 1, 9, 3548.58
1614281202, 9, 103, 134, 21, 0, 0.21%, 25, 1, 9, 3584.99
1614281207, 9, 103, 134, 21, 0, 0.21%, 26, 1, 9, 3631.91
1614281212, 9, 106, 134, 20, 0, 0.21%, 26, 1, 9, 3549.33
1614281227, 9, 112, 134, 19, 0, 0.21%, 26, 1, 9, 3527.35
1614281258, 9, 119, 134, 18, 0, 0.21%, 26, 1, 9, 3485.57
1614281263, 9, 133, 134, 18, 0, 0.21%, 27, 1, 9, 3563.38
1614281319, 10, 39, 135, 18, 0, 0.21%, 27, 1, 9, 3665.53
1614281324, 10, 81, 135, 18, 0, 0.21%, 27, 1, 9, 646.12
1614281349, 10, 111, 135, 17, 0, 0.21%, 27, 1, 9, 2901.16
1614281411, 10, 123, 135, 16, 0, 0.21%, 27, 1, 9, 3432.93
1614281523, 10, 131, 135, 15, 0, 0.21%, 27, 1, 9, 3351.71
1614281615, 11, 7, 135, 14, 0, 0.21%, 27, 1, 9, 3421.57
1614281620, 11, 13, 135, 12, 0, 0.21%, 27, 1, 9, 3673.15
1614281625, 11, 67, 136, 13, 0, 0.21%, 27, 1, 9, 3667.50
1614281631, 11, 121, 136, 13, 0, 0.21%, 27, 1, 9, 3481.45
1614281666, 11, 132, 136, 12, 0, 0.21%, 27, 1, 9, 3446.39
1614281732, 11, 136, 137, 12, 0, 0.21%, 27, 1, 9, 3241.64
1614281788, 12, 54, 138, 12, 0, 0.21%, 27, 1, 9, 3478.37
1614281793, 12, 108, 138, 12, 0, 0.21%, 27, 1, 9, 3380.45
1614281824, 12, 135, 138, 11, 0, 0.21%, 27, 1, 9, 3450.67
1614281829, 12, 137, 138, 10, 0, 0.21%, 27, 1, 9, 3530.27
1614281840, 13, 24, 138, 9, 0, 0.21%, 28, 1, 9, 3465.01
1614281845, 13, 85, 138, 9, 0, 0.21%, 28, 1, 9, 3455.04
1614281850, 13, 134, 138, 9, 0, 0.21%, 28, 1, 9, 3548.05
1614281855, 14, 42, 138, 8, 0, 0.21%, 28, 1, 9, 3511.34
1614281860, 14, 91, 138, 8, 0, 0.21%, 28, 1, 9, 3453.44
1614281870, 14, 109, 138, 7, 0, 0.21%, 28, 1, 9, 3448.01
1614281885, 15, 7, 138, 6, 0, 0.21%, 28, 1, 9, 2782.73
1614281890, 15, 54, 138, 6, 0, 0.21%, 28, 1, 9, 2911.93
1614281895, 15, 104, 138, 6, 0, 0.21%, 28, 1, 9, 3143.83
1614281926, 16, 25, 138, 4, 0, 0.21%, 28, 1, 9, 3334.13
1614281931, 16, 81, 138, 4, 0, 0.21%, 28, 1, 9, 3297.40
1614281936, 17, 45, 138, 4, 0, 0.21%, 28, 1, 9, 3368.43
1614281941, 17, 116, 138, 4, 0, 0.21%, 28, 1, 9, 3184.66
1614284990, 18, 8, 138, 3, 0, 0.21%, 28, 1, 9, 1268.50
1614284995, 18, 41, 138, 3, 0, 0.21%, 28, 1, 9, 1423.22
1614285000, 18, 52, 138, 3, 0, 0.21%, 28, 1, 9, 1480.71
1614285005, 18, 77, 138, 3, 0, 0.21%, 28, 1, 9, 1335.96
1614285010, 18, 110, 138, 3, 0, 0.21%, 28, 1, 9, 1359.81
1614285015, 18, 113, 138, 3, 0, 0.21%, 28, 1, 9, 1320.30
1614285112, 19, 17, 138, 2, 0, 0.21%, 28, 1, 9, 2034.35
1614285117, 19, 44, 138, 2, 0, 0.21%, 28, 1, 9, 1629.31
1614285123, 19, 66, 138, 2, 0, 0.21%, 28, 1, 9, 1852.18
1614285128, 19, 96, 138, 2, 0, 0.21%, 28, 1, 9, 1674.66
1614285199, 20, 17, 138, 1, 0, 0.21%, 28, 1, 9, 1420.21
1614285204, 20, 42, 138, 1, 0, 0.21%, 28, 1, 9, 1478.56
1614285209, 20, 61, 138, 1, 0, 0.21%, 28, 1, 9, 1446.89
1614285214, 20, 93, 138, 1, 0, 0.21%, 28, 1, 9, 1409.27
1614285219, 20, 118, 138, 1, 0, 0.21%, 28, 1, 9, 1413.39
1614285224, 21, 17, 138, 1, 0, 0.21%, 28, 1, 9, 1468.69
1614285229, 21, 45, 138, 1, 0, 0.21%, 28, 1, 9, 1579.69
1614285234, 21, 62, 138, 1, 0, 0.21%, 28, 1, 9, 1534.84
1614285239, 21, 86, 138, 1, 0, 0.21%, 28, 1, 9, 1380.15
1614285244, 21, 130, 138, 1, 0, 0.21%, 28, 1, 9, 1417.65
1614285249, 21, 132, 138, 1, 0, 0.21%, 29, 1, 9, 1382.18
1614285255, 22, 38, 138, 1, 0, 0.21%, 29, 1, 9, 1487.00
1614285260, 22, 50, 138, 1, 0, 0.21%, 29, 1, 9, 1485.83
1614285265, 22, 77, 138, 1, 0, 0.21%, 29, 1, 9, 1460.63
1614285270, 23, 24, 138, 1, 0, 0.21%, 29, 1, 9, 1435.56
1614285275, 23, 47, 138, 1, 0, 0.21%, 29, 1, 9, 1498.17
1614285280, 23, 67, 138, 1, 0, 0.21%, 29, 1, 9, 1529.07
1614285285, 23, 112, 138, 1, 0, 0.21%, 29, 1, 9, 1432.99
1614285290, 24, 37, 138, 1, 0, 0.21%, 29, 1, 9, 1472.52
1614285295, 24, 50, 138, 1, 0, 0.21%, 29, 1, 9, 1449.74
1614285300, 24, 68, 138, 1, 0, 0.21%, 29, 1, 9, 1543.47
1614285305, 25, 2, 138, 1, 0, 0.21%, 29, 1, 9, 1674.89
1614285310, 25, 39, 138, 1, 0, 0.21%, 29, 1, 9, 1488.26
1614285316, 25, 52, 138, 1, 0, 0.21%, 29, 1, 9, 1509.95
1614285321, 25, 87, 138, 1, 0, 0.21%, 29, 1, 9, 1525.06
1614285326, 25, 97, 138, 1, 0, 0.21%, 29, 1, 9, 1509.78
1614285331, 25, 100, 138, 1, 0, 0.21%, 29, 1, 9, 1458.74
1614285356, 25, 134, 138, 0, 0, 0.21%, 29, 1, 9, 1580.02
1614285361, 26, 25, 138, 0, 0, 0.21%, 29, 1, 9, 1551.26
1614285366, 26, 48, 138, 0, 0, 0.21%, 29, 1, 9, 1542.13
1614285371, 26, 77, 138, 0, 0, 0.21%, 29, 1, 9, 1521.67
1614285376, 26, 129, 138, 0, 0, 0.21%, 29, 1, 9, 1483.75
1614285381, 27, 22, 138, 0, 0, 0.21%, 30, 1, 9, 1534.97
1614285387, 27, 46, 138, 0, 0, 0.21%, 30, 1, 9, 1628.74
1614285392, 27, 70, 138, 0, 0, 0.21%, 30, 1, 9, 1618.38
1614285397, 27, 108, 138, 0, 0, 0.21%, 30, 1, 9, 1513.71
1614285402, 27, 129, 138, 0, 0, 0.21%, 30, 1, 9, 1469.32
1614285407, 28, 38, 138, 0, 0, 0.21%, 30, 1, 9, 1527.43
1614285412, 28, 52, 138, 0, 0, 0.21%, 30, 1, 9, 1623.31
1614285417, 28, 90, 138, 0, 0, 0.21%, 30, 1, 9, 1523.98
1614285422, 29, 37, 138, 0, 0, 0.21%, 30, 1, 9, 1540.11
1614285427, 29, 51, 138, 0, 0, 0.21%, 30, 1, 9, 1547.07
1614285432, 29, 114, 138, 0, 0, 0.21%, 30, 1, 9, 1568.61
1614285438, 30, 28, 138, 0, 0, 0.21%, 30, 1, 9, 1544.38
1614285443, 30, 50, 138, 0, 0, 0.21%, 30, 1, 9, 1551.24
1614285448, 30, 77, 138, 0, 0, 0.21%, 30, 1, 9, 1502.88
1614285453, 31, 24, 138, 0, 0, 0.21%, 30, 1, 9, 1531.08
1614285458, 31, 46, 138, 0, 0, 0.21%, 30, 1, 9, 1562.54
1614285463, 31, 67, 138, 0, 0, 0.21%, 30, 1, 9, 1539.51
1614285468, 31, 128, 138, 0, 0, 0.21%, 30, 1, 9, 1487.12
1614285473, 32, 24, 138, 0, 0, 0.21%, 30, 1, 9, 1546.04
1614285478, 32, 47, 138, 0, 0, 0.21%, 30, 1, 9, 1562.05
1614285483, 32, 67, 138, 0, 0, 0.21%, 31, 1, 9, 1550.71
1614285488, 33, 20, 138, 0, 0, 0.21%, 31, 1, 9, 1537.26
1614285493, 33, 44, 138, 0, 0, 0.21%, 31, 1, 9, 1571.96
1614285498, 33, 61, 138, 0, 0, 0.21%, 31, 1, 9, 1571.05
1614285504, 34, 18, 138, 0, 0, 0.21%, 31, 1, 9, 1527.23
1614285509, 34, 45, 138, 0, 0, 0.21%, 31, 1, 9, 1546.41
1614285514, 34, 62, 138, 0, 0, 0.21%, 31, 1, 9, 1557.83
1614285519, 34, 114, 138, 0, 0, 0.21%, 31, 1, 9, 1495.14
1614285524, 34, 134, 138, 0, 0, 0.21%, 31, 1, 9, 1568.34
1614285529, 35, 41, 138, 0, 0, 0.21%, 31, 1, 9, 1612.82
1614285534, 35, 56, 138, 0, 0, 0.21%, 31, 1, 9, 1564.29
1614285539, 35, 111, 138, 0, 0, 0.21%, 31, 1, 9, 1517.30
1614285544, 36, 38, 138, 0, 0, 0.21%, 31, 1, 9, 1547.26
1614285549, 36, 51, 138, 0, 0, 0.21%, 31, 1, 9, 1562.39
1614285554, 37, 1, 138, 0, 0, 0.21%, 31, 1, 9, 1458.67
1614285560, 37, 39, 138, 0, 0, 0.21%, 31, 1, 9, 1536.35
1614285565, 37, 51, 139, 1, 0, 0.21%, 31, 1, 9, 1560.67
1614285570, 37, 81, 139, 1, 0, 0.21%, 31, 1, 9, 1494.46
1614285575, 38, 22, 139, 1, 0, 0.21%, 31, 1, 9, 1514.20
1614285580, 38, 46, 140, 2, 0, 0.21%, 31, 1, 9, 1516.19
1614285585, 38, 62, 140, 2, 0, 0.21%, 31, 1, 9, 1539.65
1614285590, 38, 98, 140, 2, 0, 0.21%, 31, 1, 9, 1546.96
1614285596, 39, 34, 140, 2, 0, 0.21%, 31, 1, 9, 1581.47
1614285601, 39, 48, 140, 2, 0, 0.21%, 31, 1, 9, 1596.40
1614285606, 39, 67, 140, 2, 0, 0.21%, 31, 1, 9, 1570.74
1614285611, 39, 130, 140, 2, 0, 0.21%, 31, 1, 9, 1556.00
1614285616, 39, 139, 140, 2, 0, 0.21%, 31, 1, 9, 1514.68
1614285647, 39, 140, 141, 2, 0, 0.21%, 31, 1, 9, 1416.48
1614285672, 39, 140, 142, 3, 0, 0.21%, 31, 1, 9, 1428.42
1614285677, 40, 12, 142, 2, 0, 0.21%, 31, 1, 9, 1417.32
1614285682, 40, 39, 142, 2, 0, 0.21%, 31, 1, 9, 1472.01
1614285687, 40, 52, 142, 2, 0, 0.21%, 31, 1, 9, 1505.40
1614285692, 40, 109, 142, 2, 0, 0.21%, 31, 1, 9, 1677.02
1614285697, 40, 141, 142, 2, 0, 0.21%, 31, 1, 9, 1348.33
1614285748, 41, 39, 142, 1, 0, 0.21%, 31, 1, 9, 1528.49
1614285753, 41, 52, 142, 1, 0, 0.21%, 31, 1, 9, 1512.27
1614285758, 41, 62, 142, 1, 0, 0.21%, 31, 1, 9, 1074.28
1614285763, 41, 86, 142, 1, 0, 0.21%, 31, 1, 9, 908.52
1614285768, 41, 96, 142, 1, 0, 0.21%, 31, 1, 9, 878.19
1614285773, 41, 127, 142, 1, 0, 0.21%, 31, 1, 9, 830.62
1614285784, 41, 138, 142, 1, 0, 0.21%, 31, 1, 9, 898.03
1614285809, 42, 25, 142, 0, 0, 0.21%, 31, 1, 9, 1050.59
1614285814, 42, 42, 142, 0, 0, 0.21%, 31, 1, 9, 969.51
1614285819, 42, 50, 142, 0, 0, 0.21%, 31, 1, 9, 984.14
1614285824, 42, 60, 142, 0, 0, 0.21%, 31, 1, 9, 1042.58
1614285829, 42, 77, 142, 0, 0, 0.21%, 31, 1, 9, 954.53
1614285834, 42, 116, 142, 0, 0, 0.21%, 31, 1, 9, 963.48
1614285840, 42, 124, 142, 0, 0, 0.21%, 31, 1, 9, 903.64
1614285845, 43, 22, 142, 0, 0, 0.21%, 31, 1, 9, 812.61
1614285850, 43, 37, 142, 0, 0, 0.21%, 31, 1, 9, 927.14
1614285855, 43, 45, 142, 0, 0, 0.21%, 31, 1, 9, 953.29
1614285860, 43, 51, 142, 0, 0, 0.21%, 31, 1, 9, 932.12
1614285865, 43, 61, 142, 0, 0, 0.21%, 31, 1, 9, 942.24
1614285870, 43, 108, 142, 0, 0, 0.21%, 31, 1, 9, 1012.00
1614285875, 43, 129, 142, 0, 0, 0.21%, 31, 1, 9, 928.44
1614285880, 43, 141, 142, 0, 0, 0.21%, 31, 1, 9, 930.25
1614285885, 44, 23, 142, 0, 0, 0.21%, 31, 1, 9, 1003.03
1614285890, 44, 42, 142, 0, 0, 0.21%, 31, 1, 9, 1102.85
1614285896, 44, 50, 142, 0, 0, 0.21%, 31, 1, 9, 1007.01
1614285901, 44, 61, 142, 0, 0, 0.21%, 31, 1, 9, 986.52
1614285906, 44, 88, 142, 0, 0, 0.21%, 31, 1, 9, 943.90
1614285911, 44, 119, 142, 0, 0, 0.21%, 31, 1, 9, 911.19
1614285916, 44, 130, 142, 0, 0, 0.21%, 31, 1, 9, 971.89
1614285921, 45, 17, 142, 0, 0, 0.21%, 32, 1, 9, 1030.38
1614285926, 45, 38, 142, 0, 0, 0.21%, 32, 1, 9, 1048.75
1614285931, 45, 47, 142, 0, 0, 0.21%, 32, 1, 9, 1051.12
1614285936, 45, 56, 142, 0, 0, 0.21%, 32, 1, 9, 1082.97
1614285941, 45, 83, 142, 0, 0, 0.21%, 32, 1, 9, 983.92
1614285946, 45, 84, 142, 0, 0, 0.21%, 32, 1, 9, 1031.25
1614285951, 46, 12, 142, 0, 0, 0.21%, 32, 1, 9, 1107.37
1614285957, 46, 41, 142, 0, 0, 0.21%, 32, 1, 9, 1430.46
1614285962, 46, 62, 142, 0, 0, 0.21%, 32, 1, 9, 2011.00
1614285967, 46, 125, 142, 0, 0, 0.21%, 32, 1, 9, 1820.36
1614285972, 47, 38, 142, 0, 0, 0.21%, 32, 1, 9, 1681.24
1614285977, 47, 51, 142, 0, 0, 0.21%, 32, 1, 9, 1660.53
1614285982, 47, 134, 142, 0, 0, 0.21%, 32, 1, 9, 1656.59
1614285987, 48, 24, 142, 0, 0, 0.21%, 32, 1, 9, 1684.72
1614285993, 48, 46, 142, 0, 0, 0.21%, 32, 1, 9, 1661.63
1614285998, 48, 65, 142, 0, 0, 0.21%, 32, 1, 9, 1633.72
1614286003, 48, 98, 142, 0, 0, 0.21%, 32, 1, 9, 1652.46
1614286008, 48, 118, 142, 0, 0, 0.21%, 32, 1, 9, 1661.37
1614286013, 49, 42, 142, 0, 0, 0.21%, 32, 1, 9, 2126.13
1614286018, 49, 137, 142, 0, 0, 0.21%, 32, 1, 9, 3112.70
1614286023, 50, 47, 142, 0, 0, 0.21%, 32, 1, 9, 2741.14
1614286028, 50, 77, 142, 0, 0, 0.21%, 32, 1, 9, 1963.00
1614286033, 50, 106, 142, 0, 0, 0.21%, 32, 1, 9, 1684.56
1614286038, 51, 20, 143, 1, 0, 0.21%, 32, 1, 9, 1764.24
1614286044, 51, 45, 143, 1, 0, 0.21%, 32, 1, 9, 1731.84
1614286049, 51, 61, 143, 1, 0, 0.21%, 32, 1, 9, 1804.58
1614286054, 51, 142, 143, 1, 0, 0.21%, 32, 1, 9, 1625.78
